Ts_h     = 1/50.0;  
Ts_K1    = 1/50.0; 
Ts_K2    = 1/50.0;  
Ts_f_Va  = 1/100.0;
Ts_f_az  = 1/100.0;
Ts_f_q   = 1/100.0;
Ts_f_Vz  = 1/100.0;
Ts_f_h   = 1/50.0;
dt       = 1/200.0;
dt_de    = 1/200.0;
dt_dx    = 1/200.0;

rho0 =  1.225;   
g0   =  9.80665; 
T0_0 =  288.15; 
T0_h = -0.0065; 
Rs   =  287.05;



mass      =  57837.5;  
I_y       =  3781272.0; 
S         =  122.6;   
cbar      =  4.29;     
CD_0      =  0.016;    
CD_alpha  =  2.5;    
CD_deltae =  0.05;     
CL_alpha  =  5.5;     
CL_deltae =  0.193;   
alpha_0   = -0.05;    
Cm_0      =  0.04;    
Cm_alpha  = -0.83;     
Cm_deltae = -1.5;     
Cm_q      = -30;     


h_eq       = 10000.0;          
Va_eq      = 230.0;            
delta_x_eq = 1.5868660794926;  
delta_e_eq = 0.012009615652468;
alpha_eq   = 0.026485847681737; 
theta_eq   = 0.026485847681737; 



Kp_h       = 0.1014048;
Ki_h       = 0.0048288;
Vz_c       = -2.5;
h_switch   = 50.0;



K1_intVa =  0.049802610664357;
K1_Va    = -0.486813084356079;
K1_Vz    = -0.077603095495388;
K1_q     = 21.692383376322041;



K2_intVz =  0.000627342822264;
K2_Vz    = -0.003252836726554;
K2_q     =  0.376071446897134;
K2_az    = -0.001566907423747;


T_final = 600;


h_c  = 10000.0;
Va_c = 230.0;